0.10635 0.12803 0
0.02403 -0.07484 1
0.02237 0.01745 0
-0.13465 -0.23444 0
0.09612 -0.04661 0
-0.00237 0.20299 1
0.23052 -0.00079 1
0.12402 -0.19539 0
-0.049 0.09029 1
-0.06011 -0.00949 0
-0.12813 0.05458 1
-0.00188 0.0394 0
0.10373 0.02267 0
0.04961 -0.08109 1
0.12659 -0.16223 1
-0.05952 0.00884 0
0.11374 0.09066 1
-0.00573 -0.08175 1
0.12727 -0.07705 0
-0.15071 0.0478 1
-0.06902 0.1897 0
-0.06889 0.17415 0
0.07934 -0.10593 1
-0.15883 0.06295 1
-0.0115 0.01787 0
0.11542 0.04447 1
0.0725 -0.00866 1
0.00349 -0.04956 0
0.15133 0.11659 0
0.04308 -0.09274 0
0.02753 0.03077 1
-0.02738 0.16719 0
0.18109 -0.00056 0
0.16116 0.06033 0
0.03672 0.12405 0
0.03755 -0.08463 1
0.02086 -0.10485 1
0.00626 -0.0892 0
-0.01379 0.20496 1
0.05261 -0.03805 1
-0.07316 0.00822 0
-0.07808 -0.05974 0
-0.08421 -0.07846 0
0.08946 -0.04168 1
-0.19498 0.11687 0
0.175 0.03227 1
-0.05986 0.05201 1
-0.1214 -0.04222 1
-0.00454 0.0734 0
-0.10622 0.0393 1
-0.06275 -0.13383 0
-0.04703 0.04681 0
-0.00895 -0.1037 0
-0.20776 0.09472 0
0.04172 -0.00079 0
-0.06132 -0.09042 0
-0.19447 0.05051 1
0.00974 -0.09421 1
0.18434 0.03752 0
-0.17449 -0.15433 1
-0.02037 0.02618 1
0.00972 0.04611 0
0.13294 -0.098 1
-0.1075 -0.09929 0
0.10061 -0.08971 0
-0.0741 -0.11712 1
0.08098 0.0094 0
0.10762 -0.05329 0
-0.04055 -0.08847 0
-0.12436 0.01675 1
0.03071 -0.13847 0
0.01276 0.02616 0
-0.11808 0.12753 1
0.03632 0.2321 0
-0.00704 -0.08766 0
-0.00543 -0.08829 0
0.00947 -0.13438 0
-0.00241 0.16798 0
-0.05575 0.18052 1
0.06043 0.1668 0
-0.10478 -0.06431 1
0.19485 0.17328 1
-0.27412 -0.02437 1
0.08056 -0.17659 0
0.08684 -0.17932 0
-0.03076 0.05153 0
-0.11938 -0.14653 1
0.00695 0.08555 0
-0.09617 0.10282 1
-0.03213 0.18145 0
-0.08893 -0.04605 0
0.09819 -0.09103 1
-0.00724 -0.0781 1
0.11575 -0.01071 1
-0.00492 -0.06579 0
-0.17689 -0.01645 1
0.0168 0.11379 0
0.13934 -0.01921 1
-0.01267 -0.08841 0
-0.12297 0.00339 1
-0.03376 -0.12039 1
-0.11275 -0.00277 1
0.09447 0.1308 0
-0.11446 -0.06974 1
-0.09951 -0.08534 1
-0.00662 -0.01834 0
0.12605 0.21206 1
-0.09594 -0.00325 0
-0.0224 -0.12423 0
-0.04581 0.059 1
-0.03664 0.06039 1
-0.2183 0.14597 1
-0.13766 0.03048 0
-0.08181 -0.12199 1
0.02897 -0.13327 0
-0.05728 -0.03538 0
-0.15593 0.12662 1
-0.03471 -0.0854 1
0.03136 0.0398 0
0.15626 -0.05823 1
0.03286 0.04122 0
-0.09881 0.14646 1
0.00038 0.02392 1
-0.02912 -0.06235 1
-0.14372 0.04426 1
0.00356 0.22099 1
0.14075 -0.04078 1
0.13014 0.03673 1
-0.27231 0.09687 1
-0.01742 0.09961 0
-0.04369 0.07622 0
-0.0273 0.03791 0
0.00922 0.1477 1
-0.13286 0.11878 0
-0.02801 -0.04527 0
-0.0264 0.04519 1
0.17918 0.03523 1
-0.12862 -0.03899 1
0.00762 -0.19844 1
-0.18169 0.08859 1
0.13265 -0.0482 1
-0.03964 -0.03078 0
0.02039 0.03273 1
-0.03258 -0.09028 1
-0.1391 0.04549 1
0.02283 0.13899 0
0.03009 0.02223 0
-0.0953 0.12017 1
0.01149 -0.06625 0
-0.01474 0.05388 0
0.15781 -0.00605 0
0.09103 -0.20732 1
0.08058 0.11493 0
0.02316 -0.00412 0
0.00841 0.04433 1
-0.05461 -0.02042 0
-0.09546 -0.0253 1
0.09901 -0.02809 0
-0.11299 -0.0442 1
-0.01042 -0.02979 1
-0.12515 -0.05881 1
-0.03001 -0.06453 1
-0.04847 -0.11698 1
0.0612 0.27231 0
-0.1185 -0.06553 0
-0.2592 0.02671 1
0.03742 -0.12409 1
0.09845 -0.00928 0
-0.05913 -0.09387 1
0.00737 -0.06979 1
-0.02565 -0.06982 0
-0.0372 0.02398 1
0.05948 -0.06911 0
0.05087 0.15822 0
0.06937 0.01273 0
-0.00064 -0.18912 1
0.01665 0.03749 0
0.0034 0.18724 0
0.0337 0.02924 0
-0.01599 0.04999 1
-0.13609 -0.02928 1
0.01293 0.06185 0
0.02862 0.09742 0
0.01978 0.0239 1
0.11427 0.13303 0
0.06521 0.13058 0
0.08496 0.0449 0
-0.11338 -0.08326 1
0.06503 -0.05051 1
-0.01603 0.02777 0
-0.09417 -0.01249 0
0.10386 -0.08374 0
-0.14325 0.08614 0
-0.16205 -0.0457 1
-0.02795 -0.10342 1
0.2718 0.0504 1
0.01717 -0.06239 1
0.09634 -0.09547 0
0.01313 0.00956 1
-0.08343 0.28131 0
0.08355 -0.05036 0
-0.11624 -0.00229 0
0.05165 -0.03817 1
-0.2132 0.00332 1
-0.113 -0.14131 0
0.16395 -0.02723 1
0.16335 0.10325 1
-0.09265 -0.13209 1
0.07345 0.14943 0
0.09689 -0.17091 1
0.05609 0.08973 1
-0.00634 0.09753 1
-0.19407 0.10881 0
0.1655 0.01185 1
-0.0677 0.03222 0
0.09494 0.0737 1
0.10774 -0.1366 0
-0.03402 0.05669 0
0.03031 -0.08202 0
0.01702 0.00071 0
-0.09042 0.14025 0
-0.00452 0.05712 0
0.03925 -0.08306 0
0.14502 0.15834 0
0.15294 -0.12767 1
-0.11377 -0.08434 0
0.10349 0.09765 0
-0.20668 -0.07257 0
-0.02637 0.07106 0
-0.11908 0.0669 0
0.09445 0.01212 0
0.04838 0.06565 0
-0.16062 -0.04861 0
-0.0802 -0.06959 1
0.01638 -0.01309 0
-0.00954 -0.00157 0
-0.03386 -0.09228 1
-0.02817 -0.1941 1
-0.15715 0.11599 1
0.14374 0.09196 1
0.11036 0.01071 1
0.07788 -0.08083 0
-0.00039 0.2702 1
0.0332 0.10777 1
0.13987 -0.14782 1
-0.05533 0.05939 1
-0.01441 -0.02824 0
-0.19883 0.16898 0
0.0154 0.05643 0
0.00391 -0.11278 0
-0.04876 -0.12103 0
0.05601 -0.13362 1
0.03301 0.01758 1
0.13359 -0.16568 0
-0.10425 -0.27236 1
-0.05607 -0.04845 0
0.08037 -0.12167 1
-0.01488 -0.03696 0
-0.00377 -0.21508 0
0.22998 -0.0118 0
-0.12437 0.00119 0
-0.00902 -0.11487 0
-0.07619 -0.19164 1
0.09789 -0.00796 0
-0.05935 0.11486 1
0.0344 -0.24856 1
0.07409 -0.0002 1
0.07403 -0.2613 1
0.02479 0.06137 1
-0.00386 -0.0633 0
-0.0785 -0.00407 0
-0.00184 -0.13756 1
0.01767 0.11734 1
0.05134 0.08464 0
-0.01469 0.15135 0
0.18146 -0.10721 0
-0.01602 0.07813 1
0.11703 0.40681 0
0.25542 -0.14769 1
0.18067 -0.01284 1
0.07347 -0.05905 1
-0.0283 -0.11556 0
0.13274 0.06176 0
-0.10534 0.04209 1
-0.08302 -0.1749 1
0.03948 -0.03144 1
0.03059 -0.17987 1
0.02155 -0.23927 0
0.09696 0.06091 0
-0.04515 0.08392 0
0.14233 -0.0661 1
0.06951 -0.10008 1
-0.05069 0.00726 0
0.12257 0.06029 1
0.10629 0.25675 0
0.03389 0.03781 0
-0.11306 0.18272 1
-0.14417 0.14203 0
0.00381 -0.15171 0
-0.13299 -0.15729 1
0.15555 0.02037 0
0.21649 0.03312 0
-0.07517 -0.13237 0
0.17497 -0.07205 1
0.02883 -0.04221 1
-0.00736 -0.05811 1
0.13302 0.08649 0
0.08462 0.02698 0
-0.04343 0.11142 0
0.05471 -0.03373 0
0.08303 -0.08949 1
0.23751 0.02947 1
0.05828 0.19317 0
0.04072 0.15197 0
0.08951 0.05581 1
-0.06209 -0.17237 0
0.07391 -0.07729 1
-0.09923 -0.06066 1
0.23844 0.09874 0
0.02677 0.27936 0
-0.00409 -0.07857 0
0.18964 -0.04576 0
-0.07552 0.07204 1
-0.06345 0.06299 1
-0.01819 -0.07357 1
-0.04473 0.04688 1
0.16693 0.18729 0
-0.10453 -0.14758 0
0.04332 -0.02281 0
-0.08961 -0.00827 1
-0.14374 0.17195 1
-0.2183 0.04276 0
0.10774 -0.04291 0
-0.09969 -0.16162 0
-0.06064 -0.06889 0
0.03617 -0.07779 0
0.07493 -0.11963 0
-0.09094 -0.09518 1
0.05564 0.04355 1
0.16392 -0.00689 1
0.02596 -0.09458 0
-0.0662 -0.02173 0
-0.12646 0.02618 1
0.01549 -0.08968 1
-0.00078 -0.08411 0
0.0902 0.03338 1
0.05017 0.043 0
-0.05646 -0.0737 1
-0.1452 -0.007 0
-0.14 0.07008 1
0.01167 0.04763 0
-0.00471 -0.13251 1
0.0026 -0.0223 0
-0.05884 -0.05986 1
0.06426 -0.0706 0
0.04964 -0.08064 0
0.15448 -0.1565 0
0.02375 0.2234 0
0.00486 -0.0054 0
0.04371 0.13013 1
-0.03747 0.01653 0
0.09127 -0.26435 0
0.02911 0.03983 0
0.03844 0.20553 1
0.09932 -0.00092 1
0.16662 -0.0507 0
0.01983 -0.04574 0
-0.03246 -0.0247 1
0.04864 0.14181 0
-0.05793 -0.05128 0
-0.04432 -0.12244 1
0.16895 0.05044 0
-0.01486 0.15845 1
-0.10266 -0.12473 1
-0.03389 0.23955 1
-0.06567 -0.04339 1
-0.03677 0.14825 1
-0.16617 0.02751 1
-0.01901 0.08768 0
-0.06249 0.03811 1
0.12316 -0.01241 1
0.10217 -0.22146 1
-0.05275 -0.29078 1
-0.14915 0.01827 0
-0.06731 -0.02246 1
0.09216 0.06099 1
-0.01524 -0.17405 0
-0.12643 -0.07105 0
0.00106 -0.02088 1
0.1029 0.11296 1
-0.0352 0.09524 0
-0.05448 -0.14407 1
-0.06551 -0.0966 1
-0.03126 0.04181 0
0.01947 0.02765 1
0.13096 0.02689 1
0.02368 0.1481 1
0.0814 0.04717 0
0.02566 0.07869 0
-0.0929 0.08919 1
0.13492 -0.04099 0
-0.08756 -0.13864 1
-0.06105 0.19872 1
0.06827 0.0223 0
0.04273 -0.07577 0
-0.1036 -0.08569 0
-0.13222 0.07626 0
0.09274 -0.16167 1
0.10193 -0.19931 1
0.01122 -0.1021 1
-0.09821 0.2269 1
0.00093 0.09064 0
0.13076 0.10783 1
0.0318 -0.02949 0
-0.06389 0.04417 1
0.0792 0.03066 0
0.19511 -0.01571 0
0.21251 -0.0051 0
0.05268 -0.01845 0
-0.00517 -0.04563 0
-0.14923 0.00151 1
-0.07398 -0.05602 0
0.12822 -0.02464 0
0.07834 -0.05185 0
0.01784 -0.0365 1
-0.08289 0.05519 0
0.0758 0.09854 0
0.06114 -0.02598 0
0.05142 0.04511 1
-0.07554 0.02642 0
-0.06762 0.04712 0
-0.13001 0.00191 1
-0.22009 -0.02426 1
-0.05345 -0.03732 0
0.02214 -0.01129 1
-0.04689 -0.00016 0
0.11215 -0.12578 1
-0.12903 -0.07374 0
0.13178 -0.15823 1
0.0835 -0.08993 1
-0.12482 0.0107 1
0.25812 0.04476 0
-0.02284 -0.18337 0
-0.10069 0.08102 1
-0.09639 0.05352 1
-0.04782 0.25933 1
-0.03617 0.129 0
-0.05824 -0.15132 0
0.02922 -0.05295 1
0.12436 0.24503 1
-0.0669 -0.23577 0
0.02698 0.0564 0
0.10839 0.15975 1
-0.05117 0.08667 1
-0.07012 -0.02073 1
0.01706 0.08357 1
-0.32014 0.05238 0
-0.00661 -0.02503 0
0.20321 0.06105 0
-0.04433 -0.02509 1
0.16592 0.12142 0
0.04092 0.0503 0
-0.02275 -0.05256 1
0.02306 0.0846 1
0.04455 -0.15383 1
-0.06344 -0.03746 1
-0.14604 0.23382 1
-0.02722 0.01677 0
-0.06995 0.05324 0
0.06141 0.03111 0
0.06801 -0.03081 0
-0.04431 -0.04465 0
0.05238 -0.06774 0
0.04214 0.07575 1
-0.22388 -0.04375 1
0.09673 0.0692 1
-0.13685 0.15002 0
-0.02326 0.01186 0
0.16047 -0.01146 1
0.08352 -0.01271 1
-0.13292 -0.04715 1
0.00688 -0.0422 1
0.00438 0.06273 1
0.02731 -0.10053 0
-0.1368 0.05714 1
0.21869 -0.08804 1
0.04381 0.00724 1
0.01286 -0.21784 1
0.09476 0.08125 0
-0.0186 0.17747 0
0.06212 -0.05746 1
-0.07443 -0.02967 0
-0.06569 0.04518 0
0.05541 0.16223 0
0.00068 0.07865 0
-0.00452 -0.14107 0
0.03687 -0.00146 1
-0.1169 0.12976 0
-0.26108 0.16144 0
-0.02659 0.02525 0
-0.13656 -0.01252 1
0.03575 0.00703 0
0.11072 0.02332 0
-0.01922 0.02565 1
-0.14151 -0.06372 0
-0.01281 -0.06333 1
-0.0854 0.1548 1
0.11445 -0.11924 0
0.00063 -0.07001 0
0.12042 0.11638 0
-0.08175 -0.0912 0
-0.00216 -0.05464 1
-0.07598 0.00182 0
0.04878 -0.14137 0
-0.02964 0.3559 1
-0.07211 -0.16703 1
-0.14144 0.10565 0
0.08391 0.15637 1
0.06198 -0.05974 0
-0.05578 -0.02599 0
-0.075 -0.08118 1
0.0485 -0.08523 0
0.12558 0.0863 1
-0.35815 -0.07002 0
0.11319 -0.17512 0
0.03167 0.01466 1
0.04962 0.01849 1
-0.04352 0.03477 0
-0.09991 -0.19144 1
0.03102 0.24372 1
-0.16477 0.08698 0
0.13061 -0.09644 1
0.04916 -0.11401 1
-0.10246 -0.02993 0
0.05906 0.1292 1
-0.14975 0.08147 0
0.06239 -0.06861 0
0.07805 0.02094 0
0.00507 0.15269 0
0.05816 0.00641 1
-0.09781 -0.15377 0
-0.25214 -0.06333 0
0.07228 -0.10527 1
0.10096 -0.07497 1
0.12607 0.02798 1
-0.01644 0.10718 0
-0.10244 -0.05692 0
-0.24324 0.04488 0
0.33117 0.09999 0
0.06798 -0.01452 1
0.04123 -0.17656 1
-0.06577 -0.11378 1
0.02046 0.03206 0
0.01951 -0.09496 0
-0.04132 -0.15438 0
0.0341 -0.20287 1
0.00067 0.20804 1
0.15987 -0.16417 0
-0.16576 0.05383 0
-0.04158 0.16267 1
0.00808 0.07129 1
0.00639 0.06546 0
-0.27386 -0.07284 0
-0.01998 -0.1166 0
0.05315 0.10175 0
-0.27723 0.0105 0
0.13083 0.04152 1
0.06932 -0.03453 0
0.22457 0.01124 1
-0.09225 0.16148 0
-0.08855 -0.16645 0
-0.11936 0.12479 1
-0.03449 0.00463 1
-0.03593 0.15327 1
-0.20358 0.08501 1
-0.10168 -0.05492 1
0.07808 0.13732 1
-0.07864 0.1095 1
0.15857 -0.02063 0
-0.149 -0.12016 0
0.06269 -0.05443 0
-0.08367 0.01572 1
0.02626 -0.05166 1
0.00546 0.12326 1
0.05423 -0.02967 0
-0.20529 0.20504 0
0.06585 0.14875 0
0.00967 0.14945 1
-0.00354 0.04301 1
0.13693 0.08236 1
0.15667 0.0715 1
0.15551 -0.0694 1
-0.13759 0.11407 1
0.10082 0.11186 1
-0.04041 0.23197 1
-0.12207 0.05078 0
-0.01521 0.05051 1
-0.13245 0.07715 0
-0.02255 -0.19962 0
0.07294 0.04801 0
-0.04687 0.03654 0
0.03276 -0.04874 0
0.1347 -0.02621 1
0.03545 -0.15884 0
0.18461 -0.20413 1
0.04035 -0.01369 0
-0.1273 0.1504 1
-0.06067 -0.09964 0
-0.00333 0.09522 1
0.02466 -0.01857 1
0.09759 0.00344 1
-0.10126 0.07688 1
-0.02577 -0.03322 0
0.03377 -0.02098 1
0.03381 -0.10066 0
0.18393 0.08666 1
-0.17358 0.03718 0
0.06191 0.16405 1
0.03016 -0.03638 1
0.02916 0.11702 1
0.15988 -0.07138 0
-0.06097 0.20756 0
-0.13778 -0.01164 0
-0.15217 -0.00821 0
-0.05429 0.03626 0
0.02826 0.19345 1
0.00437 0.09666 1
0.16609 0.1344 1
-0.12504 0.09827 0
0.00571 0.08665 0
-0.08981 0.017 0
-0.08044 -0.0638 1
0.051 0.14036 0
0.09671 0.07661 0
-0.00449 -0.01612 1
-0.07613 -0.08767 0
-0.11283 -0.18392 0
-0.02904 -0.10537 1
-0.01865 -0.09152 0
0.08101 0.0053 0
-0.12769 -0.12929 0
0.18675 -0.09722 1
0.28357 0.01169 0
0.01756 0.07043 1
0.02185 -0.21044 1
0.02366 -0.07501 1
0.05821 -0.09203 0
-0.08608 -0.00189 1
0.01603 0.13286 0
-0.015 -0.01347 0
-0.04247 -0.12252 0
0.09933 -0.00888 1
-0.08027 -0.06673 0
0.09576 0.15106 1
0.04121 -0.03417 0
0.10345 0.03019 0
-0.01054 -0.13341 0
-0.04208 -0.16245 1
-0.00621 -0.18737 0
0.09767 -0.01382 1
0.14627 -0.10798 1
0.0856 0.1837 1
-0.2098 -0.05362 1
0.11194 0.04408 0
0.00362 -0.04706 0
0.00368 0.04571 1
-0.2416 -0.02122 0
-0.06983 -0.1246 1
0.06777 -0.0873 1
-0.10941 -0.00956 0
-0.25531 -0.11611 1
-0.00851 -0.05125 1
-0.10525 0.08338 1
0.05158 -0.03904 1
0.09336 0.00701 1
0.01305 -0.02403 1
-0.0263 -0.10807 1
-0.05961 -0.13598 0
0.00853 0.08434 1
-0.07663 0.09867 0
0.01473 -0.12366 1
0.10459 0.08781 0
-0.01864 0.00737 0
0.01883 0.04734 1
0.04839 0.20313 1
-0.05448 -0.20717 1
0.00548 -0.04662 0
-0.07113 0.02995 0
-0.08667 0.08511 1
0.06559 -0.10851 1
-0.11428 0.06576 0
-0.00264 0.01634 0
-0.02926 0.15047 0
-0.0819 -0.05567 1
0.03482 0.06883 1
-0.15177 -0.00242 1
-0.11143 -0.08644 1
-0.09181 -0.06803 1
-0.12436 -0.06837 1
-0.05984 -0.01211 0
0.00318 0.01966 1
-0.0041 -0.05555 1
0.01346 0.08967 1
-0.03577 -0.03105 0
0.00035 0.12157 1
0.12938 0.02225 1
-0.18845 0.01462 0
0.02678 -0.04063 1
-0.02515 0.09267 0
-0.04024 -0.19017 0
-0.08583 0.05182 0
-0.20162 0.0733 1
-0.00238 0.08661 0
-0.12534 0.01864 1
0.06866 0.3011 1
-0.08425 0.01636 1
-0.06611 -0.19639 0
-0.04159 0.0001 1
0.05325 0.02097 0
0.07093 -0.07934 1
0.06326 0.16298 1
-0.06141 -0.02715 1
0.06686 -0.10367 1
-0.14406 0.01735 0
0.05844 0.01588 1
0.0364 0.04843 0
0.05239 -0.26403 1
-0.08045 -0.08223 1
-0.02242 0.0387 1
0.12633 0.11625 1
-0.15623 0.02979 1
0.02065 -0.08006 0
-0.04329 -0.01447 0
-0.01555 0.09612 0
0.02899 0.07678 0
-0.10943 0.07361 0
0.05368 0.1326 0
-0.10827 0.1543 0
-0.02506 -0.11332 0
-0.16649 -0.06641 1
-0.00154 0.1281 1
-0.13376 -0.15474 0
0.03584 0.09891 1
0.19581 -0.14952 1
-0.04082 0.11338 0
-0.09719 0.01196 0
-0.03485 0.01651 1
0.02357 0.03793 1
-0.12101 -0.09275 0
-0.01861 0.13317 1
0.19195 0.11911 0
0.06075 -0.19828 0
-0.09808 0.18936 0
0.01457 -0.09273 0
-0.03302 -0.13745 0
-0.0591 -0.12409 0
-0.09424 0.07042 1
0.18654 -0.3316 1
-0.24161 -0.05262 0
0.08887 -0.05909 1
-0.05215 -0.04331 1
0.14139 -0.14554 0
-0.12773 -0.00393 0
0.05347 0.00699 0
0.10547 -0.04838 0
0.00963 0.10974 0
0.02882 -0.09927 1
-0.085 -0.02321 1
-0.06431 0.03855 0
-0.03833 -0.16034 1
0.02607 -0.21452 0
-0.13912 0.02056 0
-0.19304 0.08728 1
-0.08821 0.17828 1
0.05085 -0.00787 0
-0.0708 0.00356 1
-0.06069 -0.07212 0
0.03464 0.03457 1
0.00047 -0.12642 1
0.02106 0.0574 1
0.04268 -0.01164 0
-0.04014 -0.08254 0
-0.11959 0.04665 0
-0.15392 0.06875 1
-0.16623 0.22603 1
0.06741 0.01674 0
-0.16521 -0.02567 1
0.07061 0.03068 1
-0.05424 0.03179 0
0.04094 0.00389 1
0.04908 0.25198 1
-0.01531 0.13276 0
0.03809 0.09794 0
0.02947 0.01769 0
0.10708 0.01765 1
-0.13846 -0.05089 1
0.01743 -0.15671 0
-0.05152 -0.00496 1
-0.06102 0.00016 0
-0.05283 -0.04168 0
0.12743 0.11036 0
-0.14022 0.03939 1
-0.01714 0.01852 0
-0.06735 0.04649 1
0.08508 -0.1198 1
-0.10068 -0.02945 0
-0.02785 -0.10088 1
0.09309 0.10008 0
0.09468 -0.06351 1
-0.01742 -0.13124 0
-0.00032 0.02951 1
0.0615 0.12461 1
-0.00983 -0.13319 0
-0.07877 0.10643 0
-0.14529 -0.01753 1
0.01821 -0.06741 1
-0.11251 0.1463 1
0.02365 0.12067 1
-0.10694 -0.11878 0
0.02113 0.12168 0
-0.06063 0.02644 0
-0.07385 0.03084 0
0.20432 -0.08061 1
-0.03036 -0.03759 0
0.13249 0.16103 0
-0.17855 -0.0644 0
-0.07534 0.14336 0
0.12008 0.27711 1
-0.05503 -0.07027 1
0.06257 0.05678 0
-0.17164 0.10728 0
-0.00862 0.01826 1
-0.05263 -0.16107 0
0.04844 0.01188 0
-0.10133 0.06818 0
-0.09518 0.08968 0
0.05012 -0.09804 0
-0.00442 0.03934 1
0.11106 0.03762 0
-0.12239 0.1635 1
0.04903 0.11109 0
-0.02795 0.03966 0
-0.16237 0.1539 0
0.0005 0.07122 0
-0.08743 -0.04433 0
-0.03405 0.05086 1
-0.18923 0.0039 0
-0.13601 0.05599 0
0.0968 0.21624 1
0.05891 -0.05031 1
-0.0802 0.08 0
0.04341 0.15819 0
-0.12011 0.22829 1
-0.12 0.10915 1
-0.05137 -0.03167 1
-0.03176 -0.09161 1
-0.13339 -0.08543 1
-0.03485 -0.24127 0
0.08062 0.04286 0
0.1019 -0.02423 0
-0.08954 -0.00713 0
-0.04636 -0.03834 0
-0.13269 0.00601 0
-0.02275 -0.04411 0
-0.2156 -0.00782 1
0.04569 -0.0162 0
0.02414 0.03336 1
0.00423 0.16081 0
0.05347 0.06053 0
-0.13184 0.02054 1
0.09584 -0.1182 1
0.04602 -0.0164 0
-0.04528 0.14359 1
0.11069 -0.01395 0
0.02789 0.19688 0
0.01087 0.1054 0
-0.00988 -0.11092 0
0.0312 -0.02406 0
0.07329 0.05433 1
-0.21268 0.09841 1
-0.13571 -0.0192 1
-0.00123 -0.04528 0
-0.00726 0.11863 1
-0.10712 0.07935 1
0.04269 0.16951 0
-0.18772 -0.05186 0
0.08628 -0.1334 1
0.07332 0.11375 0
-0.06574 0.06217 1
-0.01576 -0.02429 0
-0.05938 -0.09935 1
-0.03706 -0.08605 0
0.06749 -0.05626 0
0.05271 -0.18589 0
-0.00082 0.11012 1
-0.1895 0.07175 1
0.17235 -0.05174 1
0.03771 -0.08216 0
-0.03439 -0.00439 0
0.14997 0.26947 1
-0.09916 0.03691 0
-0.09437 0.02438 1
0.1609 -0.09266 0
0.03183 -0.0853 0
0.00589 0.16163 1
0.03807 -0.04695 0
0.05487 0.03627 1
-0.05013 -0.01314 1
-0.14161 -0.02795 1
0.12558 -0.04579 1
0.02542 0.07377 1
0.08339 -0.11875 1
-0.09192 0.0987 1
0.0342 0.00034 1
-0.19378 -0.14737 0
-0.0806 -0.09232 0
-0.01672 -0.04409 1
-0.00952 -0.09668 1
0.13094 -0.12075 0
-0.1442 0.03889 1
-0.01173 0.16885 1
0.02604 0.01843 0
0.10224 -0.06586 0
-0.17789 -0.0389 1
0.05276 -0.0174 1
0.05101 0.02863 1
-0.22288 0.19538 0
0.10524 0.04008 0
0.16614 0.11687 1
-0.05321 0.03372 0
0.16997 0.01955 1
0.01942 -0.04335 1
-0.20843 -0.03521 0
-0.03071 0.11872 1
0.06546 0.08951 1
0.03223 0.11602 0
0.11729 0.02145 0
-0.01161 -0.0421 1
-0.17732 0.13176 0
0.12397 -0.09602 0
-0.03321 -0.07067 1
0.21757 0.02185 0
0.00979 0.02462 0
0.06059 -0.10626 0
-0.11502 -0.02164 0
-0.24324 -0.07958 0
0.0165 0.28165 1
0.01414 0.00242 0
-0.0191 0.14847 1
0.00413 0.0194 0
0.05129 0.05613 0
0.0063 -0.04003 0
0.14065 0.08649 1
0.02586 0.18594 0
0.12809 0.076 1
0.1062 -0.03987 1
0.15844 -0.07313 1
0.02511 0.11672 0
0.14111 -0.09599 0
-0.0005 -0.05744 1
-0.03689 0.08087 1
-0.10467 0.05146 1
-0.09113 -0.1264 1
-0.18596 -0.01699 1
0.19801 0.01293 1
0.05845 0.10234 0
0.17652 -0.00391 0
-0.05237 -0.11313 0
-0.12826 0.19653 0
0.00849 0.12442 0
-0.0311 -0.07146 1
0.1124 0.02507 1
-0.02157 0.12262 1
-0.03192 -0.14115 1
0.23254 0.05398 1
-0.18181 -0.05514 0
-0.02862 -0.08149 0
0.06861 -0.02024 0
-0.05193 -0.01821 1
-0.05001 -0.04819 0
0.12886 -0.16 1
0.21547 -0.06063 1
0.10181 -0.02629 0
-0.06606 -0.07278 1
0.17635 -0.02984 1
0.07585 0.05062 0
0.05825 0.11345 1
-0.1607 -0.0654 0
-0.03908 0.00159 1
0.11443 -0.01102 1
-0.03229 0.11315 0
0.05012 -0.03215 0
0.01359 0.03921 1
0.0397 -0.0542 1
-0.0267 -0.15134 0
0.0983 0.02622 1
0.17402 -0.16422 0
-0.15642 0.08101 0
-0.02797 -0.00697 0
0.0743 -0.09015 1
